2 5 3 4 
0 6 7 10 
1 9 11 8 
13 14 15 12 

 --------------------------- 
2 3 4 8 
1 6 0 12 
5 13 7 11 
10 9 14 15 

 --------------------------- 
1 2 7 3 
5 6 14 4 
9 0 11 15 
13 10 12 8 

 --------------------------- 
1 2 4 11 
5 6 7 8 
9 10 3 12 
13 14 0 15 

 --------------------------- 
1 3 6 4 
10 9 2 8 
5 7 11 12 
0 13 14 15 

 --------------------------- 
5 1 2 3 
6 7 11 4 
9 15 8 12 
13 10 0 14 

 --------------------------- 
1 0 2 7 
5 6 4 3 
13 9 10 8 
14 11 15 12 

 --------------------------- 
1 2 8 3 
5 7 10 4 
9 11 14 0 
13 6 15 12 

 --------------------------- 
