5 1 3 4 
14 2 10 6 
0 13 7 8 
9 15 12 11 

 --------------------------- 
1 2 0 12 
6 8 4 3 
5 11 7 15 
9 13 10 14 

 --------------------------- 
1 3 4 7 
14 2 6 8 
5 9 0 11 
13 15 10 12 

 --------------------------- 
5 1 2 4 
9 6 7 8 
13 3 12 15 
10 0 14 11 

 --------------------------- 
10 1 2 3 
5 6 7 4 
0 9 11 12 
13 14 8 15 

 --------------------------- 
1 2 7 4 
11 0 3 8 
5 10 6 12 
9 13 14 15 

 --------------------------- 
5 1 3 4 
2 14 6 7 
9 11 0 12 
13 15 8 10 

 --------------------------- 
