5 2 0 3 
6 1 7 4 
9 10 11 8 
13 14 15 12 

 --------------------------- 
5 2 0 3 
6 1 7 4 
9 10 11 8 
13 14 15 12 

 --------------------------- 
1 2 11 3 
5 6 4 0 
9 10 8 7 
13 14 15 12 

 --------------------------- 
1 6 2 3 
5 7 4 8 
9 10 0 11 
13 14 15 12 

 --------------------------- 
2 3 7 4 
1 5 10 8 
9 6 0 11 
13 14 15 12 

 --------------------------- 
1 2 3 4 
5 0 6 8 
13 11 7 12 
10 9 14 15 

 --------------------------- 
1 2 3 4 
9 5 12 7 
0 6 10 8 
13 14 11 15 

 --------------------------- 
1 2 0 3 
5 6 7 4 
9 14 10 8 
13 15 12 11 

 --------------------------- 
1 2 3 4 
5 7 8 12 
9 6 14 11 
13 0 10 15 

 --------------------------- 
