1 2 3 4 5 6 
7 8 9 10 11 12 
13 14 15 16 17 18 
19 20 21 22 23 24 
25 27 32 28 30 35 
31 26 33 34 0 29 

 --------------------------- 
1 2 3 4 5 6 
7 8 9 16 10 11 
13 14 15 17 23 12 
19 20 27 21 22 18 
25 0 26 28 29 24 
31 32 33 34 35 30 

 --------------------------- 
1 0 3 4 5 6 
7 2 8 9 11 12 
13 14 15 10 17 18 
19 20 21 16 23 24 
25 26 27 22 30 35 
31 32 33 28 34 29 

 --------------------------- 
1 2 9 3 5 6 
7 8 4 10 11 12 
13 14 15 16 23 17 
19 20 21 22 0 18 
25 26 27 28 29 24 
31 32 33 34 35 30 

 --------------------------- 
