1 2 3 4 5 6 
7 8 9 10 11 12 
13 14 15 16 18 23 
19 20 21 22 17 24 
25 26 27 28 35 29 
31 32 33 34 0 30 

 --------------------------- 
1 2 3 4 11 5 
7 8 9 10 0 6 
13 14 15 16 18 12 
19 20 21 22 17 23 
25 26 27 28 29 24 
31 32 33 34 35 30 

 --------------------------- 
1 2 3 4 5 6 
7 8 9 10 11 12 
14 0 15 16 17 18 
13 19 21 22 23 24 
25 20 26 27 28 30 
31 32 33 34 29 35 

 --------------------------- 
1 2 3 4 5 6 
7 8 15 9 10 12 
13 14 16 0 11 18 
19 20 21 22 17 23 
25 26 27 28 29 24 
31 32 33 34 35 30 

 --------------------------- 
