1 2 9 4 5 6 
7 8 10 3 11 12 
13 14 15 16 18 0 
19 20 21 22 17 24 
25 26 27 28 23 30 
31 32 33 34 29 35 

 --------------------------- 
1 2 3 5 12 0 
7 8 9 4 6 18 
13 14 15 10 11 17 
19 20 21 16 23 24 
25 26 27 22 29 30 
31 32 33 28 34 35 

 --------------------------- 
1 2 3 4 5 6 
7 8 0 10 11 12 
13 14 9 15 17 18 
19 20 21 16 23 24 
25 26 27 22 30 28 
31 32 33 34 35 29 

 --------------------------- 
1 2 9 3 4 5 
7 8 0 10 11 6 
13 14 15 16 18 12 
19 20 21 22 17 29 
25 26 27 28 24 23 
31 32 33 34 35 30 

 --------------------------- 
1 2 3 4 5 6 
7 8 9 10 11 12 
13 14 15 16 17 18 
19 20 22 27 23 24 
26 0 21 29 34 30 
25 31 32 33 28 35 

 --------------------------- 
1 2 9 3 5 6 
7 8 0 4 10 17 
13 14 15 16 12 11 
19 20 21 22 24 18 
25 26 27 28 23 29 
31 32 33 34 35 30 

 --------------------------- 
