1 3 9 4 5 6 
8 0 2 23 11 12 
7 14 10 16 17 18 
13 20 15 22 27 24 
19 25 26 21 28 29 
31 32 33 34 35 30 

 --------------------------- 
1 2 3 5 12 11 
7 8 9 4 17 6 
13 15 20 10 23 18 
19 14 21 16 29 24 
25 26 28 33 0 22 
31 32 27 34 35 30 

 --------------------------- 
1 2 11 10 4 5 
7 8 15 22 12 6 
13 14 3 16 17 18 
19 20 9 28 21 23 
25 26 27 34 29 24 
31 32 33 0 35 30 

 --------------------------- 
1 2 0 3 4 11 
7 8 9 10 6 5 
13 14 15 16 18 12 
25 19 20 22 17 24 
26 32 28 21 23 35 
31 33 27 34 30 29 

 --------------------------- 
1 2 4 10 5 6 
7 8 3 16 11 12 
13 14 9 22 17 18 
19 20 21 0 23 24 
25 26 30 15 33 34 
31 32 27 28 29 35 

 --------------------------- 
