1 2 3 4 5 6 
7 8 9 10 11 12 
14 15 21 16 17 18 
13 20 0 22 23 24 
19 26 27 28 29 30 
25 31 32 33 34 35 

 --------------------------- 
1 8 2 4 5 6 
7 14 3 9 10 11 
13 0 15 16 17 12 
19 20 21 22 23 18 
25 26 27 28 29 24 
31 32 33 34 35 30 

 --------------------------- 
1 2 3 4 6 0 
7 8 9 10 5 12 
13 14 15 16 11 18 
19 20 21 23 17 24 
25 26 28 22 29 30 
31 32 27 33 34 35 

 --------------------------- 
1 2 3 4 5 6 
7 8 9 10 11 12 
13 14 15 16 17 18 
19 20 21 22 29 23 
25 26 27 28 30 35 
31 32 0 33 34 24 

 --------------------------- 
