1 2 3 4 5 6 
7 8 9 10 11 12 
13 14 15 16 17 18 
19 20 21 28 22 23 
25 26 27 0 29 24 
31 32 33 34 35 30 

 --------------------------- 
1 2 3 4 5 6 
7 8 9 10 11 12 
13 14 15 16 17 18 
19 20 0 21 23 24 
25 26 27 22 28 29 
31 32 33 34 35 30 

 --------------------------- 
1 2 3 4 5 6 
7 8 9 10 11 12 
13 14 15 16 17 18 
19 20 21 22 23 24 
25 0 26 27 28 29 
31 32 33 34 35 30 

 --------------------------- 
1 2 3 4 5 6 
7 8 9 10 11 12 
13 14 15 16 17 18 
19 20 21 22 23 24 
25 26 27 0 35 29 
31 32 33 28 34 30 

 --------------------------- 
1 2 3 4 5 6 
7 8 9 10 11 12 
13 14 15 16 17 18 
19 20 21 22 23 24 
25 26 27 34 28 30 
31 32 0 33 29 35 

 --------------------------- 
1 2 3 4 5 6 
7 8 9 10 11 12 
13 14 15 16 17 18 
19 20 0 21 23 24 
25 26 27 22 29 30 
31 32 33 28 34 35 

 --------------------------- 
