1 2 3 4 5 6 
7 8 9 0 11 12 
14 15 16 10 23 17 
13 19 20 21 29 18 
25 26 28 22 24 30 
31 32 27 33 34 35 

 --------------------------- 
1 2 3 4 5 6 
7 8 9 10 11 12 
13 14 15 16 24 17 
19 20 21 22 28 18 
31 27 0 29 23 30 
26 25 32 33 34 35 

 --------------------------- 
1 2 9 4 5 6 
7 8 15 0 3 12 
13 20 14 10 11 18 
19 21 27 16 17 23 
25 26 28 22 29 24 
31 32 33 34 35 30 

 --------------------------- 
1 2 0 4 5 6 
7 8 3 16 11 12 
13 15 10 9 17 18 
19 14 20 22 23 24 
26 27 21 33 29 30 
25 31 28 32 34 35 

 --------------------------- 
