1 2 3 4 11 5 
7 8 9 10 6 12 
13 14 15 16 18 24 
20 31 21 22 23 17 
0 19 26 27 28 29 
32 25 33 34 35 30 

 --------------------------- 
1 2 3 5 11 6 
7 8 9 4 12 18 
13 14 10 16 24 17 
19 20 27 15 21 30 
25 26 0 28 22 23 
31 32 33 34 29 35 

 --------------------------- 
1 2 3 11 0 5 
7 8 9 16 4 22 
13 14 15 10 12 6 
19 20 21 17 18 23 
25 26 27 28 29 24 
31 32 33 34 35 30 

 --------------------------- 
0 1 3 4 5 6 
7 2 9 10 11 12 
13 8 15 16 17 18 
31 14 21 34 22 24 
32 19 26 27 23 29 
25 20 33 35 28 30 

 --------------------------- 
