1 2 3 4 5 6 
8 0 9 10 11 12 
7 13 14 22 17 18 
19 20 16 15 23 24 
25 26 21 27 29 30 
31 32 33 28 34 35 

 --------------------------- 
1 2 3 4 5 6 
7 8 9 10 11 12 
13 14 15 16 17 18 
19 20 22 23 24 0 
31 25 21 28 29 30 
32 27 26 33 34 35 

 --------------------------- 
1 2 3 4 5 6 
7 8 9 10 11 12 
13 14 15 16 0 18 
19 20 21 29 17 23 
25 26 27 34 22 24 
31 32 33 28 35 30 

 --------------------------- 
1 2 3 4 5 6 
7 8 9 10 11 12 
13 14 15 16 17 18 
19 20 21 34 22 23 
0 25 26 27 28 24 
31 32 33 29 35 30 

 --------------------------- 
