1 2 4 5 6 0 
20 9 3 10 11 12 
8 7 14 16 17 18 
13 19 15 21 22 23 
25 26 27 28 29 24 
31 32 33 34 35 30 

 --------------------------- 
1 2 9 3 4 11 
7 14 8 10 18 5 
13 0 15 17 12 6 
19 20 21 16 22 24 
25 26 27 28 23 29 
31 32 33 34 35 30 

 --------------------------- 
1 3 4 0 5 6 
7 8 9 10 11 12 
2 13 14 16 17 18 
19 20 15 28 22 24 
25 26 21 27 23 29 
31 32 33 34 35 30 

 --------------------------- 
1 2 3 4 5 6 
7 8 9 10 11 12 
13 0 14 16 17 18 
19 21 20 22 23 24 
25 32 15 27 34 30 
31 33 26 29 28 35 

 --------------------------- 
1 2 3 4 5 6 
7 8 9 10 11 12 
13 14 15 16 17 18 
20 27 21 22 23 24 
19 0 25 28 30 35 
31 32 26 33 34 29 

 --------------------------- 
1 2 3 4 11 5 
13 7 8 9 10 6 
14 15 21 17 18 12 
19 20 27 16 23 24 
25 0 26 22 28 29 
31 32 33 34 35 30 

 --------------------------- 
1 2 3 5 6 12 
7 8 15 9 4 10 
13 14 21 17 11 18 
19 26 20 16 22 24 
25 32 27 28 23 29 
0 31 33 34 35 30 

 --------------------------- 
7 1 2 3 12 5 
8 14 9 4 10 6 
13 0 16 17 11 18 
19 20 15 21 22 23 
25 26 27 28 29 24 
31 32 33 34 35 30 

 --------------------------- 
