1 2 3 4 5 6 
7 8 9 10 11 12 
13 14 15 16 17 18 
19 20 21 0 23 24 
31 25 26 22 29 35 
32 33 28 27 30 34 

 --------------------------- 
1 2 3 4 5 6 
7 8 9 10 11 12 
13 14 15 16 17 18 
19 20 22 0 23 24 
25 26 21 28 30 34 
31 32 27 33 29 35 

 --------------------------- 
1 2 4 10 5 6 
7 9 3 11 12 0 
14 8 15 16 17 18 
13 20 21 22 23 24 
19 26 33 27 29 30 
25 31 32 28 34 35 

 --------------------------- 
1 2 3 4 6 12 
7 8 9 10 5 0 
13 14 22 16 11 18 
19 20 15 21 17 24 
25 26 27 28 23 35 
31 32 33 34 30 29 

 --------------------------- 
