1 2 3 4 5 6 
8 9 10 16 11 12 
7 0 14 15 17 18 
13 20 26 22 23 24 
19 21 27 34 28 29 
25 32 31 33 35 30 

 --------------------------- 
1 2 3 4 5 6 
7 8 9 10 11 12 
13 14 21 15 17 0 
19 20 22 24 16 23 
25 33 27 34 29 18 
31 26 28 32 35 30 

 --------------------------- 
1 2 9 3 5 6 
7 8 15 4 10 12 
19 13 21 16 11 18 
14 20 27 22 17 24 
32 31 28 0 23 29 
25 33 26 34 35 30 

 --------------------------- 
1 2 3 4 5 6 
7 14 8 10 11 12 
13 26 9 22 16 18 
20 23 0 15 17 24 
19 31 21 28 29 30 
25 32 27 33 34 35 

 --------------------------- 
1 2 3 11 4 6 
7 8 15 9 12 17 
13 14 21 10 5 18 
19 20 16 22 0 23 
25 26 27 28 35 24 
31 32 33 34 30 29 

 --------------------------- 
1 2 3 4 6 12 
7 8 9 11 17 5 
13 14 15 10 24 23 
19 20 21 16 28 18 
25 0 26 22 35 29 
31 32 34 27 33 30 

 --------------------------- 
2 8 3 4 5 6 
7 1 9 10 11 12 
19 13 22 14 17 18 
25 20 0 16 23 24 
26 21 15 27 34 29 
31 32 33 35 28 30 

 --------------------------- 
