1 2 3 4 5 6 
7 8 9 10 11 12 
13 14 15 16 17 18 
19 21 33 22 23 24 
25 26 20 27 28 29 
31 0 32 34 35 30 

 --------------------------- 
1 2 3 4 5 6 
7 8 9 10 11 12 
13 14 15 16 18 23 
19 20 21 28 22 17 
25 26 27 34 30 24 
31 32 33 0 29 35 

 --------------------------- 
1 2 3 4 5 6 
7 8 9 10 11 12 
13 14 15 16 17 18 
20 26 21 22 23 24 
19 27 0 34 28 30 
25 31 32 33 29 35 

 --------------------------- 
1 2 3 4 5 6 
7 8 9 10 11 12 
13 14 15 16 17 18 
19 20 21 23 24 0 
25 26 27 34 29 30 
31 32 33 22 28 35 

 --------------------------- 
