1 2 3 4 5 6 
7 8 9 10 11 12 
13 14 15 16 18 24 
19 20 27 21 17 29 
25 26 33 22 30 0 
31 32 28 34 23 35 

 --------------------------- 
1 2 3 4 5 6 
7 14 0 10 11 12 
13 9 8 17 23 18 
19 20 21 16 15 24 
25 26 27 22 29 30 
31 32 33 28 34 35 

 --------------------------- 
1 2 3 4 5 6 
7 8 9 10 11 12 
13 14 21 15 17 18 
19 20 28 27 22 29 
25 26 33 16 24 23 
0 31 32 34 35 30 

 --------------------------- 
1 2 3 4 11 5 
7 8 9 10 6 12 
13 14 15 22 16 18 
19 20 21 28 17 24 
25 26 27 0 34 29 
31 32 33 35 23 30 

 --------------------------- 
1 8 2 3 11 6 
7 14 9 5 16 12 
13 15 21 4 10 17 
19 20 0 22 23 18 
25 26 27 28 29 24 
31 32 33 34 35 30 

 --------------------------- 
