1 3 7 5 0 
6 2 4 14 10 
11 12 8 13 9 
16 17 18 24 15 
21 22 23 20 19 

 --------------------------- 
2 3 4 5 10 
1 7 8 9 15 
6 12 13 14 0 
11 16 22 20 24 
21 18 17 23 19 

 --------------------------- 
1 7 2 4 5 
6 3 8 10 14 
12 22 13 9 15 
11 0 17 18 19 
16 21 23 24 20 

 --------------------------- 
1 2 3 4 5 
12 6 7 9 10 
11 16 8 14 15 
21 0 22 19 20 
17 13 18 23 24 

 --------------------------- 
1 2 3 4 0 
6 12 7 8 5 
11 17 13 15 10 
16 18 24 9 20 
21 22 23 14 19 

 --------------------------- 
1 2 3 4 5 
11 6 8 9 10 
16 12 13 19 15 
21 7 17 0 20 
22 23 14 18 24 

 --------------------------- 
