1 2 3 4 5 
7 17 8 9 10 
6 0 12 23 20 
11 19 15 14 13 
16 21 22 18 24 

 --------------------------- 
1 7 2 3 5 
0 17 8 4 10 
18 6 14 9 15 
12 22 13 19 20 
11 16 21 23 24 

 --------------------------- 
6 1 2 4 5 
7 3 13 8 10 
11 12 17 9 15 
16 22 0 23 20 
21 19 18 24 14 

 --------------------------- 
1 7 2 9 4 
6 12 14 13 5 
11 8 15 3 10 
16 17 0 20 24 
21 22 18 23 19 

 --------------------------- 
1 2 8 3 5 
11 6 7 4 9 
16 12 13 0 10 
21 17 15 14 24 
22 19 20 23 18 

 --------------------------- 
