2 3 4 5 10 
1 6 7 8 15 
16 11 18 13 9 
21 12 17 14 0 
22 23 19 24 20 

 --------------------------- 
1 2 4 5 10 
6 7 3 9 14 
11 16 8 13 15 
21 17 12 18 19 
22 23 24 0 20 

 --------------------------- 
7 6 2 3 4 
1 13 9 10 5 
11 0 8 14 15 
16 22 17 18 20 
12 21 23 19 24 

 --------------------------- 
6 1 8 3 5 
2 7 13 4 10 
11 12 9 0 14 
16 22 17 19 24 
21 18 23 20 15 

 --------------------------- 
1 2 4 13 5 
6 7 3 14 8 
11 17 18 0 10 
21 16 12 9 15 
22 23 19 24 20 

 --------------------------- 
