1 2 4 9 5 
6 8 3 0 10 
11 7 12 13 20 
16 18 19 15 14 
21 17 22 23 24 

 --------------------------- 
2 8 4 5 10 
1 3 7 0 9 
6 12 13 14 15 
11 16 18 19 20 
21 17 22 23 24 

 --------------------------- 
6 1 2 3 10 
7 0 8 5 4 
11 12 13 9 14 
16 17 18 24 15 
21 22 23 20 19 

 --------------------------- 
2 3 5 10 0 
1 7 4 8 9 
6 12 13 14 15 
11 17 18 19 20 
16 21 22 23 24 

 --------------------------- 
1 2 8 3 5 
6 7 13 4 10 
16 11 0 9 14 
12 18 19 20 15 
21 17 22 23 24 

 --------------------------- 
