1 2 3 4 5 
6 13 18 12 9 
11 7 8 0 10 
16 17 19 24 15 
21 22 14 23 20 

 --------------------------- 
1 2 3 4 5 
6 7 9 14 10 
12 16 8 15 20 
11 13 22 23 0 
21 17 18 24 19 

 --------------------------- 
2 3 7 4 5 
1 6 8 10 0 
11 12 18 9 14 
16 17 23 13 20 
21 22 24 15 19 

 --------------------------- 
2 0 3 4 5 
1 7 8 9 10 
6 17 12 15 13 
11 16 22 24 14 
21 23 19 18 20 

 --------------------------- 
6 1 3 10 4 
11 2 8 5 14 
7 12 13 0 15 
16 17 18 9 19 
21 22 23 24 20 

 --------------------------- 
6 1 2 4 5 
11 7 8 10 15 
16 13 3 0 9 
21 12 17 14 19 
22 23 18 24 20 

 --------------------------- 
6 1 3 4 5 
11 2 8 9 10 
7 0 12 14 19 
16 17 13 18 15 
21 22 23 20 24 

 --------------------------- 
