2 3 4 0 10 
1 6 9 5 15 
11 7 8 18 14 
16 12 13 17 19 
21 22 23 24 20 

 --------------------------- 
1 7 2 5 10 
6 12 4 3 14 
11 13 8 9 15 
16 17 18 19 20 
21 0 22 23 24 

 --------------------------- 
2 3 4 0 5 
1 6 8 9 10 
12 7 13 14 15 
11 22 18 19 20 
16 21 23 17 24 

 --------------------------- 
1 2 3 9 4 
6 8 0 14 5 
11 7 12 13 15 
16 17 23 10 18 
21 22 24 20 19 

 --------------------------- 
1 0 3 4 5 
6 2 8 14 10 
11 7 12 9 13 
16 17 18 24 15 
21 22 23 20 19 

 --------------------------- 
