6 12 1 3 4 
7 17 2 9 5 
11 18 8 14 10 
21 23 22 19 0 
13 16 24 20 15 

 --------------------------- 
6 1 2 5 3 
7 17 9 15 4 
11 0 13 8 10 
12 21 18 14 20 
22 16 23 19 24 

 --------------------------- 
1 3 4 5 10 
7 2 9 15 14 
6 13 8 17 20 
21 11 16 19 18 
22 0 12 23 24 

 --------------------------- 
7 0 2 3 5 
1 6 8 10 9 
11 12 13 4 14 
16 22 17 23 15 
21 24 20 19 18 

 --------------------------- 
6 1 2 3 5 
12 11 8 4 15 
7 0 13 10 9 
18 14 22 19 20 
17 16 21 23 24 

 --------------------------- 
