1 2 3 5 9 
6 7 13 8 15 
11 0 12 10 4 
22 17 23 18 19 
16 21 24 20 14 

 --------------------------- 
2 6 1 3 4 
11 8 9 10 5 
16 13 23 14 15 
17 7 0 18 19 
12 21 22 24 20 

 --------------------------- 
2 8 3 10 4 
7 1 9 14 5 
17 0 12 13 15 
6 11 18 20 24 
16 21 22 23 19 

 --------------------------- 
1 7 2 3 5 
6 8 13 4 10 
17 11 18 0 15 
23 16 14 9 19 
12 21 22 24 20 

 --------------------------- 
1 7 2 3 5 
6 11 8 4 10 
12 13 9 19 14 
23 16 0 22 15 
21 17 24 18 20 

 --------------------------- 
1 2 10 9 4 
6 7 3 17 14 
11 8 18 5 15 
16 13 12 19 0 
21 22 23 24 20 

 --------------------------- 
