1 2 8 3 4 
6 7 13 9 5 
11 12 14 10 15 
16 17 18 19 0 
21 22 23 24 20 

 --------------------------- 
1 3 8 4 5 
6 2 12 9 10 
11 7 14 0 15 
16 17 13 19 20 
21 22 18 23 24 

 --------------------------- 
1 2 3 4 5 
6 7 8 9 10 
11 12 13 14 15 
21 16 0 17 19 
22 23 24 18 20 

 --------------------------- 
1 2 3 4 5 
6 7 8 9 10 
11 12 13 24 14 
16 17 18 15 19 
21 22 23 0 20 

 --------------------------- 
1 2 3 4 5 
6 7 8 9 10 
12 13 18 14 15 
11 17 0 24 19 
16 21 22 23 20 

 --------------------------- 
