1 2 4 5 6 7 8 16 
9 10 3 12 13 14 15 0 
17 18 11 19 21 22 23 24 
25 34 27 20 29 30 31 32 
26 33 35 28 36 38 39 40 
41 42 43 45 37 46 47 48 
49 50 51 44 52 54 55 56 
57 58 59 60 53 61 62 63 

 --------------------------- 
0 1 3 4 5 6 7 8 
9 17 11 12 13 14 15 16 
10 2 27 19 21 22 23 24 
25 28 18 20 29 30 31 32 
33 26 35 36 37 38 39 40 
42 34 43 44 45 46 47 48 
41 50 51 52 53 54 55 56 
49 57 58 59 60 61 62 63 

 --------------------------- 
1 2 3 4 5 6 7 8 
9 10 11 12 13 14 15 16 
17 18 19 20 0 22 23 24 
26 33 27 28 21 30 31 32 
25 43 34 36 29 38 39 40 
42 35 50 44 37 46 47 48 
41 58 49 52 45 54 55 56 
57 51 59 60 53 61 62 63 

 --------------------------- 
1 2 3 4 13 5 23 7 
9 11 12 19 6 22 14 8 
17 10 18 20 0 21 16 15 
25 26 27 28 29 30 31 24 
33 34 35 36 37 38 39 32 
41 42 43 44 45 46 47 40 
49 50 51 52 53 54 56 48 
57 58 59 60 61 62 55 63 

 --------------------------- 
1 2 3 4 5 6 7 8 
9 10 11 12 13 14 15 16 
17 18 36 21 22 29 23 24 
25 26 20 19 28 30 32 0 
33 34 27 35 37 38 31 48 
41 42 43 44 45 46 40 39 
49 50 51 52 53 62 47 56 
57 58 59 60 61 55 54 63 

 --------------------------- 
1 2 3 4 5 6 7 8 
9 10 11 12 13 14 15 16 
17 18 19 20 21 22 23 24 
25 26 27 28 29 30 39 31 
33 34 35 36 37 38 32 40 
41 42 44 45 61 47 54 48 
49 50 43 52 53 62 46 63 
57 58 51 59 60 0 56 55 

 --------------------------- 
