1 2 3 4 5 6 7 8 
9 10 11 12 13 14 15 16 
17 18 19 20 21 22 23 24 
25 26 27 0 29 30 31 32 
41 33 36 28 37 38 39 40 
49 42 34 43 44 45 48 55 
57 50 35 52 53 47 46 54 
58 59 51 60 61 62 63 56 

 --------------------------- 
1 2 3 4 5 6 7 8 
9 10 11 12 13 14 15 16 
17 18 19 20 21 22 23 24 
25 26 27 28 29 30 31 32 
33 34 35 36 37 38 39 40 
41 43 51 44 53 45 46 48 
50 42 58 52 0 61 47 63 
49 57 59 60 62 54 56 55 

 --------------------------- 
1 2 3 4 5 6 7 8 
9 10 11 12 13 14 15 16 
17 18 19 20 21 22 23 24 
33 25 26 27 28 30 31 32 
41 34 36 37 29 38 39 40 
42 50 44 0 45 46 47 48 
49 58 35 51 53 54 63 55 
57 59 43 52 60 61 62 56 

 --------------------------- 
1 2 3 4 5 6 7 8 
9 11 18 12 13 14 15 16 
17 10 19 20 21 22 23 24 
25 26 27 0 29 30 31 32 
33 34 36 28 45 37 39 40 
41 42 35 43 61 38 47 48 
49 50 51 44 52 46 55 56 
57 58 59 60 54 53 62 63 

 --------------------------- 
