1 2 3 4 5 6 7 8 
9 10 11 12 13 14 15 16 
17 18 19 20 21 22 23 24 
25 26 27 0 29 30 31 32 
33 34 35 28 37 38 39 40 
41 42 43 36 44 45 47 48 
49 50 51 52 53 46 54 56 
57 58 59 60 61 62 55 63 

 --------------------------- 
1 2 3 4 5 6 7 8 
9 10 11 12 13 14 15 16 
17 18 19 20 21 22 23 24 
25 26 27 28 29 30 31 0 
33 34 35 36 37 38 39 32 
41 42 43 44 45 46 47 40 
49 50 51 52 53 54 63 48 
57 58 59 60 61 62 56 55 

 --------------------------- 
1 2 3 4 5 6 7 8 
9 10 11 12 13 14 15 16 
17 18 19 20 21 22 23 24 
25 26 27 28 29 30 31 32 
33 34 35 36 37 38 40 48 
41 42 43 44 45 47 39 0 
49 50 51 52 53 46 54 56 
57 58 59 60 61 62 55 63 

 --------------------------- 
1 2 3 4 5 6 7 8 
9 10 11 12 13 14 15 16 
17 18 19 20 21 22 23 24 
25 26 27 28 29 30 31 32 
33 34 35 36 37 38 39 40 
41 42 43 44 45 46 47 48 
49 50 51 52 62 61 54 55 
57 58 59 60 53 0 63 56 

 --------------------------- 
