1 2 3 4 5 15 6 8 
9 10 11 12 13 0 7 16 
17 18 19 20 21 14 22 23 
25 26 27 28 29 30 31 24 
33 34 35 36 37 38 39 32 
41 42 43 44 45 55 47 40 
49 50 51 52 53 46 48 56 
57 58 59 60 61 54 62 63 

 --------------------------- 
1 2 3 4 5 6 7 8 
9 10 11 12 13 14 15 16 
17 18 19 20 21 22 23 24 
25 26 27 28 29 30 31 32 
33 34 35 36 45 37 38 39 
41 42 44 52 46 54 48 40 
49 51 43 61 0 53 47 55 
57 50 58 59 60 62 63 56 

 --------------------------- 
1 2 3 4 13 7 8 16 
9 10 11 12 6 5 15 24 
17 18 19 20 21 14 23 31 
25 26 27 28 29 22 38 39 
33 34 35 36 37 30 0 32 
41 42 43 44 45 46 47 40 
49 50 51 52 53 54 55 48 
57 58 59 60 61 62 63 56 

 --------------------------- 
