9 1 2 3 4 5 7 8 
0 10 11 12 13 6 15 16 
17 18 19 20 21 14 23 24 
25 26 27 28 29 22 31 32 
33 34 35 36 37 30 39 40 
41 42 43 44 45 38 46 47 
49 50 51 52 53 54 62 48 
57 58 59 60 61 56 63 55 

 --------------------------- 
1 2 3 4 5 6 7 8 
9 10 11 12 13 14 15 16 
17 18 19 20 21 22 23 24 
0 25 26 27 28 30 31 32 
33 34 35 36 29 38 39 40 
41 42 43 44 37 45 46 48 
49 50 52 61 53 60 54 55 
57 58 51 59 62 63 47 56 

 --------------------------- 
2 0 3 4 5 6 7 8 
1 10 11 12 13 14 15 16 
26 17 19 20 21 22 23 24 
18 9 27 28 29 30 31 32 
25 34 35 36 37 38 39 40 
33 42 43 44 45 46 47 48 
41 49 50 51 53 54 55 56 
57 58 59 52 60 61 62 63 

 --------------------------- 
1 2 3 4 5 6 7 8 
9 10 11 12 13 14 15 16 
17 18 19 28 20 22 23 24 
0 25 27 21 30 38 31 32 
33 26 34 35 36 29 39 40 
41 42 43 44 37 53 47 48 
49 50 51 52 46 62 54 56 
57 58 59 60 45 61 55 63 

 --------------------------- 
1 3 11 4 5 6 7 8 
9 2 12 20 13 14 15 16 
25 10 19 29 28 21 22 24 
18 17 26 27 0 30 23 32 
33 34 35 36 37 38 31 39 
41 42 43 44 45 46 47 40 
49 50 51 52 53 54 55 48 
57 58 59 60 61 62 63 56 

 --------------------------- 
