1 2 3 4 13 5 6 8 
9 10 11 12 14 7 24 0 
17 18 19 20 15 21 16 23 
25 26 27 28 29 22 31 32 
33 34 35 36 39 30 40 47 
41 42 43 44 37 45 38 46 
49 50 51 52 53 54 55 63 
57 58 59 60 61 62 56 48 

 --------------------------- 
1 2 3 4 5 14 6 15 
9 10 19 11 21 13 23 7 
17 18 0 12 20 22 16 8 
25 26 27 28 29 31 38 24 
33 34 35 36 37 47 39 32 
41 42 43 45 54 30 46 40 
49 50 51 44 52 53 55 48 
57 58 59 60 61 62 63 56 

 --------------------------- 
1 2 3 4 5 6 7 8 
17 9 11 12 13 14 15 16 
25 10 27 19 22 23 31 24 
33 18 26 21 20 30 39 32 
41 34 35 28 29 36 46 40 
42 0 43 44 37 38 54 48 
49 50 51 60 45 53 47 56 
57 58 59 61 52 62 55 63 

 --------------------------- 
