1 3 4 5 6 15 14 8 
9 2 11 12 13 22 7 16 
18 10 19 20 21 23 31 24 
17 26 27 28 37 0 30 32 
25 34 35 36 38 29 39 40 
33 41 51 43 45 46 47 48 
49 42 50 59 53 62 54 55 
57 58 60 44 61 52 63 56 

 --------------------------- 
1 3 4 5 13 15 6 16 
9 2 10 12 22 21 8 7 
17 18 11 28 20 14 23 24 
25 26 19 35 29 30 31 32 
33 42 34 27 36 46 39 40 
49 41 43 45 38 37 47 48 
0 50 51 44 52 53 54 56 
57 58 59 60 61 62 55 63 

 --------------------------- 
1 2 4 5 6 14 7 8 
17 9 10 20 11 12 15 16 
0 25 18 19 13 22 23 24 
34 28 3 36 21 30 31 32 
26 27 43 35 29 37 38 40 
41 33 51 44 45 46 39 47 
49 42 50 52 53 54 55 48 
57 58 59 60 61 62 63 56 

 --------------------------- 
