1 2 3 4 5 6 7 8 
9 10 11 12 13 14 23 15 
17 18 19 20 21 22 39 31 
25 26 27 28 29 30 16 24 
33 34 35 36 37 38 32 0 
41 42 43 44 45 46 48 40 
49 50 51 52 53 55 47 56 
57 58 59 60 61 54 62 63 

 --------------------------- 
1 2 3 4 5 6 7 8 
9 10 11 12 13 14 15 16 
17 18 19 20 21 22 23 24 
25 26 27 28 38 29 39 30 
33 34 35 37 31 0 40 32 
41 42 43 36 45 46 47 48 
49 50 51 44 52 53 55 56 
57 58 59 60 61 54 62 63 

 --------------------------- 
9 1 3 4 5 6 7 8 
17 2 11 12 13 14 15 16 
10 0 19 20 21 22 23 24 
25 18 27 28 29 30 31 32 
34 26 35 36 37 38 39 40 
33 41 42 44 45 46 47 48 
49 50 43 51 53 54 63 55 
57 58 59 52 60 61 62 56 

 --------------------------- 
1 2 3 4 5 6 7 8 
9 10 11 12 14 15 23 16 
17 18 19 0 20 13 21 24 
25 26 27 29 30 22 31 32 
33 34 35 28 36 38 39 40 
41 42 43 44 37 46 47 48 
49 50 51 52 45 62 54 56 
57 58 59 60 53 61 55 63 

 --------------------------- 
1 2 3 4 5 6 7 8 
9 10 11 12 13 14 15 16 
17 18 19 20 21 22 23 24 
25 26 27 28 37 29 30 32 
33 34 35 36 45 38 31 40 
41 42 43 44 53 46 0 47 
49 50 51 52 63 62 39 48 
57 58 59 60 61 54 56 55 

 --------------------------- 
1 2 3 4 5 6 7 8 
9 10 11 12 13 14 15 16 
17 18 19 20 21 22 23 24 
25 26 27 28 29 30 31 32 
33 34 35 36 37 0 39 40 
41 42 43 44 46 38 47 48 
50 57 59 51 45 62 54 55 
49 58 52 60 53 61 63 56 

 --------------------------- 
