1 2 3 4 5 6 7 8 
9 10 11 12 13 14 15 16 
17 18 19 20 21 22 23 24 
25 26 27 28 29 30 31 32 
33 34 35 36 37 38 40 48 
41 42 43 44 45 46 47 39 
57 51 0 52 61 53 56 63 
50 49 58 59 60 54 62 55 

 --------------------------- 
1 2 3 4 5 6 7 8 
9 10 11 12 13 14 15 16 
17 18 19 20 21 22 23 24 
25 26 27 28 29 30 31 32 
33 34 35 36 0 38 40 48 
41 42 43 52 37 46 62 39 
49 50 51 45 44 47 53 56 
57 58 59 60 61 55 54 63 

 --------------------------- 
1 2 3 4 5 6 7 8 
9 10 11 12 13 14 15 16 
17 18 19 20 21 22 23 24 
25 26 27 28 29 31 32 40 
33 34 35 36 37 30 39 48 
41 42 43 44 45 38 47 56 
49 50 51 60 52 54 63 46 
57 58 59 0 53 61 62 55 

 --------------------------- 
