1 2 3 5 6 7 8 0 
9 10 19 4 13 14 15 16 
17 18 27 11 12 22 31 23 
25 26 20 29 21 30 39 24 
33 34 35 28 38 48 47 32 
41 42 43 36 44 46 54 40 
49 50 51 52 37 45 53 56 
57 58 59 60 61 62 55 63 

 --------------------------- 
1 2 3 4 5 8 16 15 
9 18 10 20 13 7 6 24 
26 25 11 19 21 14 23 31 
0 17 27 28 12 29 22 30 
33 34 35 36 37 38 39 32 
41 42 43 44 45 46 47 40 
49 50 51 52 53 54 55 48 
57 58 59 60 61 62 63 56 

 --------------------------- 
1 2 3 4 5 6 7 8 
9 10 11 12 13 14 15 16 
17 18 19 20 21 22 31 23 
25 26 27 28 29 30 24 32 
33 0 35 36 37 47 40 56 
41 34 43 44 45 39 38 55 
51 42 58 52 53 54 46 63 
49 57 50 59 60 61 48 62 

 --------------------------- 
