1 2 3 4 5 6 7 8 
9 10 11 12 13 14 15 16 
17 18 19 20 21 22 23 24 
25 26 35 27 29 30 40 48 
33 34 0 28 37 38 56 31 
41 42 51 36 44 45 46 47 
49 50 52 43 53 54 32 39 
57 58 59 60 61 62 55 63 

 --------------------------- 
1 2 3 12 15 13 8 16 
9 10 11 20 6 4 7 0 
17 18 19 21 5 14 23 24 
25 26 27 28 29 22 31 32 
33 34 35 36 37 30 39 40 
41 42 43 44 45 38 46 48 
49 50 51 52 62 54 47 56 
57 58 59 60 53 61 55 63 

 --------------------------- 
9 1 2 3 4 5 6 8 
17 10 11 12 13 14 7 16 
0 18 19 20 21 22 15 23 
25 26 27 28 29 30 39 24 
33 34 35 36 37 46 47 31 
41 42 43 44 45 55 38 40 
49 50 51 52 53 54 32 48 
57 58 59 60 61 62 63 56 

 --------------------------- 
