1 2 3 4 5 6 7 8 
9 10 11 12 13 14 15 16 
17 18 19 20 21 22 23 24 
25 42 26 28 29 30 31 32 
33 35 27 36 37 38 39 40 
41 50 34 43 44 46 47 48 
49 51 52 45 62 61 56 63 
57 58 59 0 60 53 55 54 

 --------------------------- 
0 2 3 4 5 6 7 8 
1 10 11 12 13 14 15 16 
9 17 19 20 30 21 23 24 
25 18 27 29 37 22 31 32 
34 26 36 43 28 38 39 40 
33 42 51 35 45 46 47 48 
41 58 50 44 52 54 55 56 
49 57 59 60 53 61 62 63 

 --------------------------- 
10 18 2 3 4 5 7 8 
1 0 11 12 13 6 15 16 
9 26 19 20 22 14 23 24 
17 27 35 28 21 29 31 32 
34 25 33 36 37 30 39 40 
41 42 43 44 45 38 46 48 
49 50 51 52 53 54 47 56 
57 58 59 60 61 62 55 63 

 --------------------------- 
