1 2 3 4 5 6 7 8 
9 10 11 12 13 14 15 16 
17 18 19 20 21 23 24 31 
25 26 27 36 28 29 30 32 
33 34 35 37 45 22 39 40 
41 42 43 44 38 54 46 47 
49 0 51 52 61 53 56 63 
57 50 58 59 60 55 62 48 

 --------------------------- 
1 2 3 4 5 6 7 8 
9 10 11 12 13 14 15 16 
17 18 19 20 21 22 23 24 
25 26 27 28 29 30 31 32 
33 34 36 37 43 39 40 48 
41 42 0 35 51 44 38 55 
49 50 52 45 47 46 56 63 
57 58 59 60 53 54 61 62 

 --------------------------- 
1 2 3 4 5 6 7 8 
9 10 11 12 13 14 15 16 
17 18 19 20 21 22 23 24 
26 34 27 28 29 30 31 32 
25 35 36 44 37 38 40 0 
33 41 43 51 53 45 39 47 
49 42 50 52 61 63 48 54 
57 58 59 60 62 46 56 55 

 --------------------------- 
1 2 3 4 5 6 7 8 
9 10 11 13 14 15 23 16 
17 18 19 12 21 22 24 32 
25 26 27 20 29 30 39 31 
33 34 35 28 37 46 38 40 
41 42 44 36 45 47 48 56 
49 51 43 0 52 53 61 63 
57 50 58 59 60 55 54 62 

 --------------------------- 
