1 2 3 4 5 15 6 8 
9 10 11 20 12 13 7 16 
17 18 19 28 21 14 22 23 
25 26 27 0 29 30 31 24 
33 34 35 36 37 38 39 32 
41 42 43 44 45 46 47 40 
49 50 51 52 53 54 55 48 
57 58 59 60 61 62 63 56 

 --------------------------- 
1 2 3 4 5 6 7 8 
9 10 11 12 13 14 15 16 
17 18 19 20 21 22 23 24 
25 26 27 28 29 30 31 32 
33 34 35 36 37 38 39 40 
41 50 42 43 44 46 47 48 
49 51 52 60 45 54 56 63 
57 58 59 0 53 61 62 55 

 --------------------------- 
1 2 3 4 5 6 7 8 
9 10 11 12 13 14 15 16 
17 18 19 20 21 22 23 24 
25 26 27 28 29 30 31 32 
33 34 35 36 37 38 39 40 
41 42 43 44 45 46 47 48 
50 57 59 51 0 54 55 56 
49 58 52 60 53 61 62 63 

 --------------------------- 
1 2 3 4 5 6 7 8 
9 10 11 12 13 14 15 16 
17 18 19 20 21 22 23 24 
25 26 27 28 29 30 31 0 
33 34 35 36 37 46 38 32 
41 42 43 44 45 39 47 40 
49 50 51 52 53 55 62 48 
57 58 59 60 61 54 63 56 

 --------------------------- 
1 2 3 4 5 6 7 8 
9 10 11 12 13 14 15 16 
17 18 19 20 21 22 23 24 
25 34 26 28 29 30 31 32 
41 33 27 35 36 38 39 40 
42 50 43 44 37 45 46 48 
49 58 51 52 53 54 47 56 
57 0 59 60 61 62 55 63 

 --------------------------- 
1 2 3 4 5 6 7 8 
9 10 11 12 13 14 15 16 
17 18 19 20 21 22 23 24 
25 26 27 28 29 31 32 40 
33 34 35 36 37 30 46 39 
41 42 43 44 45 38 48 55 
49 50 51 52 53 54 0 56 
57 58 59 60 61 62 47 63 

 --------------------------- 
