1 2 3 4 5 6 7 8 
9 10 11 12 13 14 15 16 
17 18 27 19 20 22 23 24 
25 26 35 28 21 29 31 32 
33 0 34 36 45 30 38 39 
41 42 43 44 46 37 47 40 
49 50 51 52 62 61 55 48 
57 58 59 60 54 53 63 56 

 --------------------------- 
2 0 3 4 5 6 7 8 
1 10 11 12 13 14 15 16 
9 17 18 20 21 22 23 24 
26 27 19 28 29 30 31 32 
25 33 35 36 37 38 39 40 
51 34 42 44 45 46 47 48 
41 50 43 52 53 54 63 55 
49 57 58 59 60 61 62 56 

 --------------------------- 
1 2 3 4 5 6 7 8 
9 10 11 12 13 14 15 16 
17 18 19 20 21 22 23 24 
25 26 27 28 37 29 30 40 
33 34 35 36 45 38 32 31 
0 41 43 44 53 46 39 47 
49 42 51 60 52 54 56 63 
57 50 58 59 61 62 48 55 

 --------------------------- 
