1 2 3 4 5 6 7 8 
9 10 11 12 13 14 15 16 
17 18 19 20 21 22 23 24 
25 26 27 28 29 31 32 40 
33 34 35 36 37 30 48 39 
41 42 43 44 45 46 38 55 
49 50 51 52 53 54 63 47 
57 58 59 0 60 61 62 56 

 --------------------------- 
1 2 3 4 5 6 7 8 
9 10 11 12 13 14 15 16 
17 18 19 20 21 22 23 24 
25 26 27 28 29 30 31 32 
34 50 35 36 37 38 39 40 
33 42 43 44 53 45 46 48 
41 49 51 52 61 54 47 55 
57 58 59 60 62 0 63 56 

 --------------------------- 
1 2 3 4 5 6 7 8 
9 10 11 12 13 14 15 16 
17 18 19 20 21 22 23 24 
25 26 27 28 29 30 31 32 
33 34 35 36 38 45 40 47 
41 42 43 44 53 37 39 48 
49 50 51 52 46 63 0 55 
57 58 59 60 61 54 62 56 

 --------------------------- 
1 2 3 4 5 6 7 8 
9 10 11 12 13 14 15 16 
17 18 19 20 21 22 23 24 
25 26 28 36 29 30 31 32 
33 35 27 37 38 46 39 40 
41 0 34 42 44 45 47 48 
49 50 43 51 53 54 55 56 
57 58 59 52 60 61 62 63 

 --------------------------- 
1 2 3 4 5 6 7 8 
9 10 11 12 13 14 15 16 
17 18 19 20 21 22 23 24 
25 26 35 27 28 30 31 32 
33 34 43 36 29 37 39 40 
49 41 44 0 45 38 47 48 
50 58 42 52 53 46 54 55 
57 59 51 60 61 62 63 56 

 --------------------------- 
1 2 3 4 5 6 7 8 
9 10 11 12 13 14 15 16 
17 18 19 20 21 22 23 24 
25 26 27 28 29 30 31 32 
33 34 0 36 37 38 39 40 
42 50 35 43 44 46 47 48 
41 57 51 52 45 53 55 56 
49 58 59 60 61 54 62 63 

 --------------------------- 
1 2 3 4 5 6 7 8 
9 10 11 12 13 15 24 23 
17 18 19 20 21 14 0 16 
25 26 27 28 29 22 31 32 
33 34 35 36 37 30 38 40 
41 42 43 44 45 46 39 48 
49 50 51 52 53 55 47 63 
57 58 59 60 61 54 56 62 

 --------------------------- 
1 2 3 4 5 6 7 8 
9 10 11 12 13 14 15 16 
17 18 19 20 21 22 23 24 
25 26 27 28 29 30 31 32 
33 34 35 44 36 37 47 38 
41 42 43 52 45 46 39 40 
49 50 51 60 53 54 55 48 
57 58 59 61 62 0 63 56 

 --------------------------- 
