1 2 3 4 5 7 8 16 
9 10 11 12 13 6 15 24 
17 18 19 20 22 0 14 23 
25 26 27 28 21 30 31 32 
33 34 35 36 29 38 39 40 
41 42 43 44 37 45 46 48 
49 50 51 52 53 54 47 55 
57 58 59 60 61 62 63 56 

 --------------------------- 
1 2 4 12 5 6 7 8 
9 10 3 13 21 14 15 16 
17 18 11 20 29 22 23 24 
25 26 19 28 0 30 31 32 
33 34 27 35 37 38 39 40 
41 42 43 36 45 46 47 48 
49 50 51 44 53 54 55 56 
57 58 59 52 60 61 62 63 

 --------------------------- 
1 2 3 4 5 6 7 8 
9 10 11 12 13 14 15 16 
17 18 19 20 21 22 23 24 
25 26 27 29 30 37 31 32 
33 34 35 28 36 0 38 39 
41 42 43 44 45 46 56 40 
49 50 51 52 53 54 48 47 
57 58 59 60 61 62 55 63 

 --------------------------- 
