1 2 3 4 5 14 6 8 
9 10 11 20 12 13 7 15 
25 17 19 28 21 22 24 16 
18 34 0 26 30 38 23 31 
33 42 27 37 29 39 40 32 
41 35 43 36 44 46 47 48 
49 50 51 52 45 54 55 56 
57 58 59 60 53 61 62 63 

 --------------------------- 
1 2 3 12 4 6 24 7 
9 10 11 20 5 15 8 23 
17 18 19 28 13 22 14 32 
25 26 0 27 21 29 16 30 
33 34 35 36 37 46 31 40 
41 42 43 44 45 54 38 48 
49 50 51 52 53 47 39 55 
57 58 59 60 61 62 63 56 

 --------------------------- 
1 2 3 4 5 6 7 8 
9 10 11 12 13 14 15 16 
17 18 19 20 22 30 23 0 
25 26 27 28 21 31 32 24 
33 34 35 36 29 39 40 55 
41 42 43 44 38 45 56 47 
49 50 60 59 37 52 46 48 
57 58 51 53 61 54 62 63 

 --------------------------- 
1 2 3 5 12 15 14 7 
9 10 11 20 4 13 6 8 
25 17 18 19 21 22 23 16 
26 34 27 28 29 38 32 24 
33 0 35 36 37 46 30 40 
41 42 43 44 45 39 31 47 
49 50 51 52 53 54 63 48 
57 58 59 60 61 62 56 55 

 --------------------------- 
9 1 12 3 5 13 6 8 
17 2 10 4 21 15 7 16 
25 18 11 19 22 14 23 24 
33 26 27 20 28 30 31 32 
34 42 35 36 29 38 39 40 
0 41 43 45 37 46 47 48 
49 50 52 44 53 54 55 56 
57 58 51 59 60 61 62 63 

 --------------------------- 
