1 2 3 4 5 6 7 8 
9 10 11 12 13 14 15 16 
18 19 0 20 21 22 23 24 
17 27 35 28 29 30 39 32 
26 25 33 36 37 31 38 40 
42 34 43 44 45 46 47 48 
41 50 51 60 52 54 63 55 
49 57 58 59 53 61 62 56 

 --------------------------- 
9 3 0 4 5 6 7 8 
2 18 10 12 13 14 15 16 
1 17 11 19 20 21 23 24 
25 26 27 28 29 22 31 32 
33 34 35 36 37 30 38 47 
41 42 43 44 45 46 40 39 
49 50 51 52 53 62 63 48 
57 58 59 60 61 55 56 54 

 --------------------------- 
1 12 0 3 5 6 7 8 
9 2 10 4 13 14 15 16 
17 18 11 20 21 22 23 24 
26 27 19 28 29 30 31 32 
25 34 35 36 37 38 39 40 
33 41 42 43 44 46 54 47 
49 50 51 52 45 62 53 48 
57 58 59 60 63 61 56 55 

 --------------------------- 
1 2 3 11 4 5 6 7 
9 10 19 0 13 14 15 8 
17 18 20 28 12 22 23 16 
25 26 27 37 21 30 31 24 
33 34 35 38 29 39 40 32 
41 42 43 36 45 54 46 47 
49 50 51 44 53 62 55 48 
57 58 59 52 60 61 63 56 

 --------------------------- 
