2 0 1 
0 5 1 
6 3 7 
4 3 7 

 --------------------------- 
0 0 1 
6 0 1 
3 4 2 
7 4 5 

 --------------------------- 
0 0 1 
3 2 1 
4 2 0 
4 5 6 

 --------------------------- 
4 0 1 
2 6 0 
3 6 7 
3 5 7 

 --------------------------- 
0 0 1 
5 2 1 
4 0 3 
6 7 3 

 --------------------------- 
0 0 0 
3 5 1 
3 4 1 
7 2 6 

 --------------------------- 
0 0 1 
3 2 8 
4 2 5 
4 6 7 

 --------------------------- 
0 6 1 
3 4 0 
3 4 2 
5 7 2 

 --------------------------- 
0 0 1 
5 6 1 
2 0 4 
3 7 4 

 --------------------------- 
0 3 1 
2 6 1 
4 6 0 
4 5 0 

 --------------------------- 
