5 0 1 
2 0 8 
3 6 7 
3 4 7 

 --------------------------- 
0 0 1 
3 2 1 
3 2 4 
0 5 4 

 --------------------------- 
0 0 1 
4 3 1 
4 3 5 
2 0 5 

 --------------------------- 
0 7 1 
4 0 5 
3 8 5 
3 6 2 

 --------------------------- 
3 0 1 
3 2 0 
8 7 6 
5 4 6 

 --------------------------- 
0 1 0 
2 5 6 
2 4 6 
7 3 8 

 --------------------------- 
5 0 1 
0 0 1 
6 2 4 
6 2 3 

 --------------------------- 
7 0 1 
7 0 1 
4 5 6 
3 2 0 

 --------------------------- 
0 4 1 
2 0 1 
5 3 0 
5 3 6 

 --------------------------- 
2 0 0 
2 3 1 
4 5 6 
4 5 6 

 --------------------------- 
3 0 1 
3 0 1 
0 4 2 
6 4 5 

 --------------------------- 
2 0 1 
3 5 0 
7 5 8 
7 4 6 

 --------------------------- 
4 0 1 
5 6 0 
5 7 2 
8 3 2 

 --------------------------- 
0 2 1 
0 2 1 
4 0 5 
6 3 5 

 --------------------------- 
5 1 0 
2 4 0 
3 6 8 
7 6 8 

 --------------------------- 
6 0 1 
5 3 4 
5 2 4 
7 2 0 

 --------------------------- 
