7 5 8 
2 0 6 
4 3 1 

 --------------------------- 
5 8 0 
7 2 4 
1 3 6 

 --------------------------- 
1 4 8 
5 7 6 
0 2 3 

 --------------------------- 
8 6 1 
2 4 7 
5 3 0 

 --------------------------- 
0 8 7 
6 4 1 
5 3 2 

 --------------------------- 
0 1 4 
6 2 8 
3 5 7 

 --------------------------- 
6 8 4 
3 1 2 
5 7 0 

 --------------------------- 
1 8 7 
5 4 6 
0 2 3 

 --------------------------- 
8 2 0 
6 3 5 
7 4 1 

 --------------------------- 
7 2 5 
6 8 3 
4 1 0 

 --------------------------- 
