4 5 3 
1 0 2 
7 8 6 

 --------------------------- 
4 1 8 
7 2 5 
0 6 3 

 --------------------------- 
6 4 1 
7 0 2 
5 3 8 

 --------------------------- 
7 4 6 
5 1 2 
0 3 8 

 --------------------------- 
2 5 6 
7 1 3 
0 4 8 

 --------------------------- 
2 7 3 
1 4 8 
6 5 0 

 --------------------------- 
3 2 6 
1 0 7 
4 5 8 

 --------------------------- 
1 2 0 
7 5 3 
6 8 4 

 --------------------------- 
4 2 1 
7 0 6 
5 3 8 

 --------------------------- 
3 6 0 
4 5 1 
2 7 8 

 --------------------------- 
