5 8 7 
1 6 3 
4 0 2 

 --------------------------- 
8 0 5 
3 2 1 
7 4 6 

 --------------------------- 
1 3 7 
2 4 0 
6 5 8 

 --------------------------- 
1 0 7 
2 3 5 
4 6 8 

 --------------------------- 
6 5 8 
4 2 1 
3 0 7 

 --------------------------- 
6 0 7 
1 4 8 
5 3 2 

 --------------------------- 
4 0 8 
3 6 5 
1 2 7 

 --------------------------- 
3 5 6 
0 8 4 
1 2 7 

 --------------------------- 
1 5 4 
0 8 2 
6 3 7 

 --------------------------- 
8 0 5 
1 4 2 
6 3 7 

 --------------------------- 
4 8 6 
0 2 3 
7 5 1 

 --------------------------- 
7 0 5 
8 1 4 
2 6 3 

 --------------------------- 
5 2 7 
8 1 3 
6 0 4 

 --------------------------- 
4 1 7 
0 8 5 
2 6 3 

 --------------------------- 
1 7 8 
4 5 6 
2 0 3 

 --------------------------- 
6 0 8 
3 4 1 
7 5 2 

 --------------------------- 
