5 3 6 
7 2 8 
0 4 1 

 --------------------------- 
1 8 6 
4 3 5 
2 7 0 

 --------------------------- 
3 7 6 
4 5 8 
2 1 0 

 --------------------------- 
7 5 4 
8 2 1 
0 3 6 

 --------------------------- 
2 6 0 
1 5 8 
3 4 7 

 --------------------------- 
4 5 0 
8 3 1 
7 6 2 

 --------------------------- 
7 5 6 
3 1 8 
2 4 0 

 --------------------------- 
7 2 5 
1 8 3 
0 6 4 

 --------------------------- 
0 1 8 
7 5 3 
4 2 6 

 --------------------------- 
2 3 0 
8 1 4 
5 7 6 

 --------------------------- 
0 3 7 
2 6 1 
5 4 8 

 --------------------------- 
3 6 4 
7 1 5 
2 8 0 

 --------------------------- 
5 7 4 
1 0 3 
2 8 6 

 --------------------------- 
5 1 0 
4 6 8 
2 7 3 

 --------------------------- 
0 1 3 
2 4 5 
7 6 8 

 --------------------------- 
0 4 2 
1 8 5 
7 6 3 

 --------------------------- 
3 4 2 
5 0 8 
1 7 6 

 --------------------------- 
3 7 5 
1 0 2 
4 6 8 

 --------------------------- 
