1 2 3 4 5 6 7 
8 9 10 12 18 13 14 
15 16 0 17 11 19 20 
22 23 24 25 27 28 21 
29 30 31 32 26 34 35 
36 37 45 39 33 41 42 
43 44 46 38 40 47 48 

 --------------------------- 
1 2 3 4 5 6 7 
8 9 11 17 13 19 14 
22 15 16 10 18 12 21 
29 23 24 25 26 20 27 
0 30 31 32 33 35 28 
36 37 38 39 40 34 41 
43 44 45 46 47 48 42 

 --------------------------- 
1 2 3 4 5 6 7 
8 9 10 11 12 13 14 
15 16 17 18 19 21 27 
22 23 24 25 26 20 28 
29 30 31 32 33 41 35 
36 37 38 39 40 0 48 
43 44 45 46 47 34 42 

 --------------------------- 
1 2 3 4 5 6 7 
8 9 10 11 13 14 21 
15 16 17 19 12 20 28 
22 23 24 32 18 25 27 
29 30 31 26 33 34 35 
36 37 38 46 39 40 41 
43 44 0 45 47 48 42 

 --------------------------- 
0 8 10 3 4 5 6 
2 1 9 17 12 13 7 
15 16 18 11 19 20 14 
22 23 24 25 26 27 21 
29 30 31 32 33 34 28 
36 37 38 39 40 41 35 
43 44 45 46 47 48 42 

 --------------------------- 
1 2 3 4 5 6 7 
8 9 10 11 12 13 14 
15 16 17 18 19 20 21 
22 23 24 25 26 27 28 
30 31 38 33 39 34 35 
29 37 44 32 40 41 42 
36 43 45 46 47 48 0 

 --------------------------- 
