1 2 3 4 5 13 6 
8 9 0 11 12 7 14 
15 17 10 18 19 20 21 
22 16 24 25 26 27 28 
29 23 31 32 33 34 35 
36 30 37 39 40 41 42 
43 44 38 45 46 47 48 

 --------------------------- 
1 2 3 4 5 0 7 
8 9 10 12 13 6 14 
15 16 17 11 18 20 21 
22 23 25 32 19 27 28 
29 31 24 33 26 34 35 
43 30 38 46 39 41 42 
37 36 44 45 40 47 48 

 --------------------------- 
2 3 4 0 5 6 7 
1 17 10 11 12 13 14 
8 9 16 18 19 20 21 
15 23 24 25 26 27 28 
22 30 31 32 33 34 35 
29 44 37 46 39 40 41 
36 43 38 45 47 48 42 

 --------------------------- 
1 2 3 4 5 6 7 
8 9 10 11 12 13 14 
15 16 17 18 19 20 21 
29 24 0 25 26 27 28 
36 22 30 31 32 34 35 
43 23 45 39 33 40 42 
37 44 38 46 47 41 48 

 --------------------------- 
