1 2 3 4 5 6 7 
8 9 10 11 12 13 14 
15 16 17 18 19 20 21 
22 30 0 23 25 27 28 
29 38 32 24 26 33 34 
44 31 37 39 41 40 35 
36 43 45 46 47 42 48 

 --------------------------- 
1 2 3 4 6 7 14 
8 9 11 12 5 20 13 
22 15 10 18 19 34 21 
16 23 17 25 0 26 28 
29 30 24 31 32 27 33 
36 37 38 39 40 41 35 
43 44 45 46 47 48 42 

 --------------------------- 
1 2 3 4 5 6 7 
8 9 10 11 13 20 14 
16 0 17 25 18 12 26 
15 23 24 32 19 34 21 
22 29 30 31 33 35 28 
36 37 38 39 27 40 42 
43 44 45 46 47 41 48 

 --------------------------- 
1 2 3 4 5 6 7 
8 9 10 18 11 12 21 
15 16 17 32 26 14 13 
22 23 24 39 20 19 27 
29 30 31 0 25 33 28 
36 37 38 46 40 34 41 
43 44 45 47 48 42 35 

 --------------------------- 
1 3 9 4 5 6 7 
16 2 17 10 12 13 0 
8 15 11 19 20 21 14 
22 23 24 18 25 27 28 
29 30 31 32 26 35 41 
36 37 38 39 34 40 42 
43 44 45 46 33 47 48 

 --------------------------- 
