9 3 10 4 5 6 7 
2 1 0 11 12 13 14 
8 17 24 18 19 20 21 
16 15 25 26 33 27 28 
22 23 30 39 32 34 35 
29 37 31 45 40 48 41 
36 43 38 44 46 47 42 

 --------------------------- 
1 2 3 4 5 6 7 
8 9 24 10 12 13 14 
16 17 11 18 19 20 21 
15 23 25 41 0 26 27 
22 29 31 32 33 34 28 
37 30 38 39 40 48 35 
36 43 44 45 46 47 42 

 --------------------------- 
1 2 3 4 5 6 7 
8 9 10 11 12 13 14 
15 16 17 18 19 20 21 
22 23 24 25 26 28 35 
29 30 32 40 38 27 48 
43 45 31 39 33 42 34 
37 36 44 41 46 0 47 

 --------------------------- 
