1 2 3 0 4 6 7 
8 9 10 11 5 12 14 
15 16 17 18 20 13 21 
22 23 24 25 19 26 28 
29 30 31 32 33 27 35 
36 37 38 39 40 34 42 
43 44 45 46 47 41 48 

 --------------------------- 
1 2 3 4 5 14 6 
8 9 10 11 12 13 7 
15 16 17 18 19 0 21 
22 23 24 25 26 20 27 
29 30 31 32 33 34 28 
36 37 38 39 40 41 35 
43 44 45 46 47 48 42 

 --------------------------- 
1 2 3 4 5 6 7 
8 9 10 11 12 13 14 
15 16 17 0 18 20 21 
22 23 25 26 19 27 28 
29 30 24 31 32 33 35 
36 37 38 39 40 34 42 
43 44 45 46 47 41 48 

 --------------------------- 
