1 2 3 4 5 6 7 
8 9 10 11 12 13 14 
16 29 17 18 19 20 21 
15 22 24 33 25 27 28 
36 23 32 0 26 34 35 
43 31 30 38 39 40 41 
44 37 45 46 47 48 42 

 --------------------------- 
2 0 3 4 18 7 14 
1 8 9 10 11 12 6 
15 16 17 19 5 13 20 
22 23 24 25 26 27 21 
29 30 31 32 33 35 28 
36 37 38 39 40 34 42 
43 44 45 46 47 41 48 

 --------------------------- 
1 2 3 4 12 5 13 
8 9 10 11 19 7 20 
15 16 17 0 18 14 6 
22 23 24 25 26 27 21 
29 30 31 32 33 34 28 
36 37 38 39 47 40 35 
43 44 45 46 42 41 48 

 --------------------------- 
