1 2 3 4 5 6 13 
8 9 10 18 11 14 7 
15 16 17 0 12 26 20 
22 23 24 25 28 19 21 
29 30 31 33 34 27 35 
36 37 38 32 39 41 42 
43 44 45 46 40 47 48 

 --------------------------- 
1 2 3 4 5 6 7 
8 9 10 11 12 13 14 
22 15 17 25 18 20 21 
29 16 23 24 19 27 28 
36 30 31 32 26 34 35 
43 37 46 40 33 41 42 
44 45 38 39 47 0 48 

 --------------------------- 
1 2 3 4 5 6 7 
8 9 10 11 12 13 14 
15 16 17 18 19 20 21 
22 23 25 26 0 33 27 
29 30 24 32 47 35 28 
36 37 31 45 40 34 48 
43 44 38 46 39 42 41 

 --------------------------- 
1 2 3 5 12 6 7 
8 9 10 4 19 13 14 
15 16 17 0 11 20 21 
22 23 24 18 25 26 28 
29 30 31 32 41 27 35 
36 37 38 39 34 40 48 
43 44 45 46 47 42 33 

 --------------------------- 
