2 3 9 5 6 7 14 
1 16 10 0 11 13 21 
8 15 17 4 18 12 20 
22 23 24 26 19 27 28 
29 30 31 25 33 34 35 
36 37 38 32 39 40 42 
43 44 45 46 47 41 48 

 --------------------------- 
1 9 2 3 4 6 7 
8 16 10 11 5 13 14 
22 15 17 18 12 20 21 
23 30 24 25 19 28 34 
29 37 31 26 0 33 35 
36 44 38 32 40 27 41 
43 45 46 39 47 48 42 

 --------------------------- 
1 2 3 4 5 6 7 
15 8 10 11 12 13 14 
22 9 17 18 19 20 21 
39 16 24 25 26 27 28 
0 23 30 32 33 34 35 
29 37 31 40 46 41 42 
36 38 43 44 45 47 48 

 --------------------------- 
