2 9 3 4 5 6 7 
1 10 11 18 12 13 14 
8 0 24 17 19 20 21 
23 15 29 25 26 35 27 
22 31 16 32 34 40 28 
36 30 38 39 33 42 48 
43 37 44 45 46 47 41 

 --------------------------- 
1 2 4 18 5 6 7 
8 9 3 12 13 14 21 
15 16 11 10 19 0 20 
22 23 17 25 26 34 28 
29 30 24 32 33 35 27 
37 38 31 39 46 40 41 
36 43 44 45 48 47 42 

 --------------------------- 
15 1 3 4 5 6 7 
16 2 9 10 11 13 14 
22 8 26 17 12 20 21 
29 23 24 18 19 27 28 
37 0 30 25 33 34 35 
43 36 31 32 39 40 42 
44 38 45 46 47 41 48 

 --------------------------- 
