1 2 3 4 5 6 7 
8 9 10 11 12 13 14 
16 17 18 25 19 20 21 
15 23 30 24 26 28 35 
22 31 37 32 33 27 42 
43 36 38 39 41 47 34 
44 45 0 29 46 40 48 

 --------------------------- 
1 3 9 11 4 12 6 
16 2 17 10 13 14 7 
8 15 24 18 0 5 21 
22 23 25 32 19 20 28 
29 30 31 27 33 26 34 
36 37 38 39 40 41 35 
43 44 45 46 47 48 42 

 --------------------------- 
1 2 3 4 5 6 7 
8 9 10 11 12 13 14 
15 16 17 25 18 20 0 
22 30 23 24 21 33 28 
36 31 38 32 19 42 27 
43 29 45 40 26 35 34 
44 37 46 39 47 41 48 

 --------------------------- 
