1 2 3 5 0 11 6 
8 9 10 4 13 20 7 
15 16 24 17 12 27 14 
22 23 18 25 19 34 21 
29 30 31 32 26 35 28 
36 37 38 39 33 40 41 
43 44 45 46 47 48 42 

 --------------------------- 
1 2 3 11 4 12 6 
8 0 9 10 14 5 13 
15 16 17 18 19 27 7 
22 23 24 25 26 21 20 
29 30 31 32 33 34 28 
36 37 38 39 40 48 35 
43 44 45 46 47 42 41 

 --------------------------- 
1 2 3 4 5 6 7 
8 9 10 12 19 13 14 
16 17 0 18 11 20 21 
15 22 23 24 25 26 27 
36 30 31 32 33 34 28 
44 29 38 39 40 41 35 
37 43 45 46 47 48 42 

 --------------------------- 
1 10 2 4 5 6 7 
9 0 3 11 12 13 14 
8 16 17 18 19 20 21 
15 30 23 25 26 27 28 
22 36 24 32 33 34 35 
44 29 31 39 40 48 41 
37 43 38 45 46 47 42 

 --------------------------- 
2 9 3 5 6 7 0 
1 10 11 4 12 13 14 
8 16 17 18 19 20 21 
15 22 23 24 26 27 28 
36 29 32 25 33 34 35 
37 31 30 38 39 40 42 
43 44 45 46 47 41 48 

 --------------------------- 
