1 2 3 4 5 6 7 
8 9 10 11 12 13 14 
15 16 17 18 19 20 21 
22 23 24 25 26 27 28 
29 30 31 33 34 35 42 
36 37 38 39 0 47 41 
43 44 45 32 46 40 48 

 --------------------------- 
1 2 3 4 5 6 7 
8 9 10 11 12 13 14 
15 16 17 18 19 20 21 
23 30 24 25 26 27 28 
22 37 31 32 33 34 35 
29 43 45 38 40 41 42 
36 0 44 39 46 47 48 

 --------------------------- 
1 2 3 4 5 6 7 
8 9 10 11 12 13 14 
15 16 17 18 19 20 21 
22 23 24 25 26 27 28 
29 30 31 32 40 33 42 
36 37 38 39 47 35 0 
43 44 45 46 34 41 48 

 --------------------------- 
1 2 3 4 5 6 7 
8 9 10 11 13 14 28 
15 16 17 18 12 19 20 
22 23 24 25 26 21 0 
29 30 31 32 33 27 35 
36 37 38 39 40 34 42 
43 44 45 46 47 41 48 

 --------------------------- 
1 2 3 4 5 6 7 
8 9 10 11 12 13 14 
15 16 17 18 19 20 21 
22 23 24 32 25 26 28 
29 30 38 0 31 27 35 
36 37 45 39 33 34 42 
43 44 46 47 40 41 48 

 --------------------------- 
1 2 3 4 5 6 7 
0 8 10 11 12 13 14 
15 9 23 18 19 20 21 
22 17 16 24 26 27 28 
29 30 31 25 33 34 35 
36 37 38 32 40 41 42 
43 44 45 39 46 47 48 

 --------------------------- 
1 2 3 4 5 6 7 
8 9 10 11 12 13 14 
15 16 17 18 19 20 21 
22 23 24 32 0 26 28 
29 30 39 34 25 27 35 
36 37 31 38 33 40 42 
43 44 45 46 47 41 48 

 --------------------------- 
