1 2 3 4 5 6 7 
8 9 10 11 12 13 14 
15 16 17 18 19 20 21 
22 23 24 25 26 27 28 
29 30 31 32 33 34 35 
36 37 45 38 39 40 42 
43 44 46 0 47 41 48 

 --------------------------- 
1 2 3 4 5 6 7 
8 9 10 11 0 12 14 
15 16 17 18 19 13 21 
22 23 24 25 26 20 28 
29 30 31 32 33 27 34 
36 37 38 39 40 41 35 
43 44 45 46 47 48 42 

 --------------------------- 
1 2 3 4 5 6 7 
8 9 10 11 12 13 14 
15 16 17 18 19 20 21 
22 23 24 25 26 27 28 
29 30 31 32 33 34 35 
36 44 37 39 40 41 42 
43 0 38 45 46 47 48 

 --------------------------- 
1 2 3 4 5 6 7 
8 9 10 11 12 13 14 
15 16 17 18 19 20 21 
22 23 24 25 26 27 28 
29 30 31 32 33 41 34 
36 37 38 39 47 40 35 
43 44 45 0 46 48 42 

 --------------------------- 
1 2 3 4 5 6 7 
8 9 10 11 12 13 14 
15 16 17 18 19 20 21 
22 23 24 25 26 27 28 
29 30 31 32 33 34 35 
36 37 38 40 46 41 42 
43 44 45 0 39 47 48 

 --------------------------- 
