1 2 3 4 5 6 7 
8 9 10 11 12 13 14 
15 16 17 18 19 20 21 
22 23 24 25 26 27 28 
29 37 30 31 0 33 34 
36 38 39 40 32 41 35 
43 44 45 46 47 48 42 

 --------------------------- 
1 2 3 5 0 6 7 
8 9 10 4 12 13 14 
15 16 17 11 19 20 21 
22 23 25 18 26 27 28 
29 30 24 31 32 33 35 
36 37 38 39 40 34 42 
43 44 45 46 47 41 48 

 --------------------------- 
1 2 3 4 5 13 6 
8 9 10 11 12 21 7 
15 16 17 18 19 14 0 
22 23 24 25 26 20 27 
29 30 31 32 33 34 28 
36 37 38 39 40 41 35 
43 44 45 46 47 48 42 

 --------------------------- 
1 2 3 4 5 6 7 
8 9 10 11 12 13 14 
15 16 0 18 19 20 21 
22 23 17 25 26 27 28 
29 31 24 32 33 34 35 
36 30 38 46 39 41 42 
43 37 44 45 40 47 48 

 --------------------------- 
