1 2 3 4 5 6 7 
8 9 0 10 11 13 14 
15 16 17 18 12 20 21 
22 23 24 25 19 40 27 
29 30 31 32 26 34 28 
36 37 38 39 47 33 35 
43 44 45 46 41 48 42 

 --------------------------- 
1 2 3 4 5 6 7 
8 9 10 18 11 12 0 
15 16 17 19 20 14 13 
22 23 24 25 26 34 21 
29 30 31 32 33 28 27 
36 37 38 39 40 48 35 
43 44 45 46 47 42 41 

 --------------------------- 
9 3 10 4 5 6 7 
2 1 17 11 12 13 14 
8 16 23 18 19 20 21 
15 22 0 24 26 27 28 
29 30 31 25 32 33 35 
36 37 38 39 40 34 42 
43 44 45 46 47 41 48 

 --------------------------- 
