1 3 16 4 5 6 7 
9 2 10 11 12 13 14 
8 17 31 18 19 20 21 
15 23 24 26 0 27 28 
22 29 30 25 33 34 35 
43 37 38 32 47 40 42 
44 36 45 39 46 41 48 

 --------------------------- 
1 2 3 4 5 13 6 
8 9 10 11 19 12 7 
15 23 16 0 17 27 14 
22 24 25 20 18 34 21 
29 30 31 39 26 33 28 
36 37 38 40 32 48 35 
43 44 45 46 47 42 41 

 --------------------------- 
1 10 9 0 4 6 7 
8 2 11 3 5 13 14 
15 16 17 24 12 20 21 
22 23 25 18 19 27 28 
29 30 31 39 26 42 34 
36 37 38 46 32 40 35 
43 44 45 47 33 41 48 

 --------------------------- 
1 2 3 4 5 6 7 
8 9 10 11 12 13 14 
15 16 17 18 19 20 21 
22 23 31 38 24 27 28 
30 25 32 46 26 34 35 
29 36 37 33 42 47 48 
43 44 45 40 39 0 41 

 --------------------------- 
