1 2 3 12 4 5 6 
8 9 17 10 18 14 7 
0 16 11 32 20 13 21 
15 30 23 24 19 27 28 
22 29 25 39 26 34 35 
36 37 31 38 33 41 42 
43 44 45 46 40 47 48 

 --------------------------- 
1 3 4 18 5 6 7 
9 2 10 11 12 0 14 
8 15 17 25 19 13 21 
23 16 31 24 33 20 27 
22 29 30 32 34 26 41 
36 37 38 39 40 48 28 
43 44 45 46 47 42 35 

 --------------------------- 
1 2 3 4 5 6 7 
8 9 10 11 12 13 14 
22 16 18 19 0 21 27 
23 15 17 31 25 20 28 
29 30 38 24 26 33 34 
36 45 39 32 40 48 35 
43 37 44 46 47 42 41 

 --------------------------- 
2 9 3 4 5 6 7 
1 10 11 12 19 13 14 
8 16 17 18 26 20 21 
15 23 24 25 33 27 28 
22 37 30 32 34 40 0 
29 36 31 39 41 48 35 
43 44 38 45 47 42 46 

 --------------------------- 
1 2 3 4 6 13 7 
8 9 10 12 5 19 14 
15 16 17 11 18 27 20 
22 23 24 32 25 26 21 
29 30 31 46 39 35 28 
36 37 38 47 34 0 33 
43 44 45 41 40 48 42 

 --------------------------- 
