1 2 11 0 4 5 7 
8 9 3 10 12 6 14 
15 16 17 18 19 13 20 
22 23 24 25 26 27 21 
29 30 31 33 40 34 28 
36 37 38 32 46 41 35 
43 44 45 39 47 48 42 

 --------------------------- 
1 2 10 3 5 7 14 
8 9 0 4 11 12 21 
15 16 17 18 20 6 28 
22 23 24 25 19 13 27 
29 30 31 32 26 34 35 
36 37 38 39 33 48 41 
43 44 45 46 40 47 42 

 --------------------------- 
1 2 3 4 5 13 6 
8 9 10 11 12 21 7 
15 16 17 18 19 0 14 
22 23 24 26 34 20 27 
29 30 31 25 32 33 35 
36 37 38 39 40 28 42 
43 44 45 46 47 41 48 

 --------------------------- 
1 2 3 4 5 6 7 
8 9 10 11 19 14 0 
15 16 17 25 13 12 20 
22 23 24 26 18 27 21 
29 30 31 32 33 34 28 
36 37 38 40 46 42 35 
43 44 45 39 47 41 48 

 --------------------------- 
1 2 3 4 5 6 7 
8 9 10 11 12 13 14 
15 16 17 18 19 20 21 
22 23 24 25 34 42 26 
29 30 31 32 27 35 28 
36 37 38 39 33 48 41 
43 44 45 46 47 0 40 

 --------------------------- 
