1 2 3 4 5 6 7 
8 9 10 11 12 13 14 
15 16 17 25 18 19 21 
22 23 31 24 26 20 28 
29 30 38 33 34 27 35 
36 44 37 32 39 40 41 
43 45 0 46 47 48 42 

 --------------------------- 
1 2 3 4 5 6 7 
8 9 10 11 12 13 14 
15 17 0 24 19 20 21 
22 16 25 18 26 27 28 
29 23 31 32 33 34 35 
43 30 37 38 40 41 42 
44 36 45 39 46 47 48 

 --------------------------- 
1 2 3 4 5 6 7 
8 9 10 11 12 0 14 
15 16 17 18 19 13 20 
22 23 24 25 27 34 21 
29 30 31 32 26 48 28 
36 37 38 39 33 47 35 
43 44 45 46 40 42 41 

 --------------------------- 
